8 0 1 6 8 10 12 13 16
4 1 5 14 18
5 2 7 13 15 16
6 3 4 8 13 16 17
6 1 3 4 7 12 19
5 1 5 6 7 19
8 1 4 5 6 11 12 15 16
4 0 7 9 17
5 8 9 12 15 18
6 5 7 9 12 13 17
4 3 10 11 12
8 1 3 4 11 13 15 16 17
5 6 7 8 12 16
6 4 8 13 16 17 18
7 0 5 6 10 14 18 19
5 0 5 9 15 19
6 0 1 7 9 10 16
8 1 4 8 10 13 14 15 17
6 4 6 7 9 13 18
9 2 4 6 12 13 14 15 16 19
1 0
1 1
1 2
1 3
1 4
2 5 19
1 6
2 6 7
1 8
2 9 14
1 10
1 11
1 12
1 13
1 14
1 15
1 16
1 17
2 0 18
1 19
4 0 2 13 14
4 1 9 12 17
4 2 11 15 17
4 3 8 12 19
3 4 9 13
3 2 3 5
4 3 4 6 7
3 7 16 19
3 1 8 18
3 1 2 9
2 8 10
2 6 11
1 12
3 7 13 18
1 14
1 15
4 1 2 8 16
1 17
1 18
2 18 19
1 0
1 1
4 2 11 15 17
1 3
2 4 8
1 5
2 6 17
1 7
1 8
2 5 9
2 10 17
1 11
1 12
2 6 13
1 14
2 8 15
1 16
5 4 6 12 17 18
2 8 18
1 19
1 0
1 1
1 2
1 3
1 4
1 5
1 6
2 7 8
1 8
1 9
1 10
1 11
2 4 12
1 13
1 14
1 15
1 16
1 17
1 18
2 14 19
1 0
2 1 13
1 2
1 3
1 4
1 5
1 6
1 7
1 8
1 9
1 10
1 11
2 12 16
2 5 13
1 14
1 15
1 16
1 17
1 18
1 19
2 0 3
2 1 12
2 1 2
2 3 7
1 4
2 2 5
1 6
3 7 9 16
1 8
2 5 9
2 10 18
3 5 11 18
1 12
2 2 13
3 13 14 15
2 7 15
2 15 16
3 1 16 17
1 18
3 11 14 19
1 0
1 1
1 2
1 3
1 4
1 5
1 6
1 7
1 8
1 9
1 10
2 4 11
1 12
1 13
1 14
1 15
1 16
1 17
1 18
2 2 19
1 0
3 1 2 8
3 2 11 12
2 3 4
3 4 6 11
2 5 12
1 6
3 3 7 18
2 3 8
3 4 9 18
2 10 17
2 11 16
1 12
1 13
1 14
3 6 14 15
2 7 16
1 17
1 18
4 0 6 14 19
1 0
1 1
2 1 2
1 3
2 4 5
1 5
1 6
3 5 7 10
1 8
2 9 19
2 9 10
1 11
3 0 3 12
2 13 18
1 14
2 5 15
1 16
1 17
2 13 18
2 17 19
3 0 2 19
4 1 12 13 19
2 1 2
3 3 18 19
2 3 4
3 0 5 14
3 6 10 17
1 7
5 0 7 8 14 15
4 5 7 9 13
4 5 7 9 10
2 11 13
4 12 15 18 19
4 0 13 14 16
2 2 14
3 2 14 15
3 1 6 16
2 3 17
4 0 1 17 18
2 16 19
