2 0 7
3 1 3 9
6 2 4 5 10 12 13
2 0 3
1 4
3 5 7 13
4 4 6 10 14
4 3 4 7 8
2 2 8
3 2 9 12
1 10
3 0 4 11
3 12 13 14
4 0 3 7 13
2 4 14
1 15
1 16
3 7 17 18
4 6 9 11 18
3 6 17 19
3 0 9 17
1 1
1 2
1 3
2 2 4
1 5
1 6
1 7
1 8
1 9
1 10
1 11
1 12
1 13
1 14
2 2 15
1 16
1 17
1 18
1 19
2 0 8
1 1
2 2 18
1 3
1 4
2 5 13
3 6 11 12
3 7 9 17
2 4 8
2 9 12
1 10
2 6 11
2 12 18
2 4 13
1 14
2 14 15
1 16
3 7 17 19
2 2 18
2 3 19
1 0
1 1
1 2
1 3
1 4
1 5
1 6
1 7
1 8
1 9
1 10
1 11
1 12
1 13
1 14
1 15
1 16
2 9 17
1 18
1 19
2 0 1
2 1 6
1 2
2 3 11
1 4
1 5
2 1 6
1 7
2 8 13
1 9
2 3 10
2 7 11
1 12
2 13 14
1 14
1 15
3 9 15 16
1 17
2 15 18
2 3 19
1 0
1 1
1 2
1 3
1 4
1 5
1 6
1 7
1 8
1 9
1 10
1 11
1 12
1 13
1 14
1 15
1 16
1 17
1 18
1 19
2 0 1
4 0 1 6 12
5 2 5 9 10 15
2 3 18
2 4 8
7 2 5 6 7 10 11 18
3 3 6 15
1 7
3 5 8 15
1 9
1 10
4 11 13 15 16
1 12
2 13 17
2 9 14
2 4 15
2 7 16
2 8 17
1 18
6 5 10 12 13 18 19
2 0 16
2 1 16
2 2 6
2 2 3
1 4
1 5
3 3 4 6
1 7
1 8
1 9
2 8 10
1 11
4 7 9 12 16
1 13
1 14
1 15
3 5 8 16
2 3 17
1 18
2 0 19
1 0
2 1 18
1 2
1 3
1 4
1 5
2 6 12
1 7
1 8
2 9 14
1 10
1 11
2 4 12
2 9 13
2 10 14
2 15 18
2 7 16
1 17
1 18
3 1 15 19
2 0 4
1 1
3 1 2 11
2 3 14
2 4 15
4 1 4 5 8
2 4 6
3 4 6 7
1 8
2 4 9
1 10
1 11
3 9 12 13
2 8 13
1 14
2 2 15
2 9 16
2 7 17
2 0 18
3 4 11 19
7 0 1 3 5 7 8 13
5 1 9 12 15 18
2 2 17
7 0 3 8 10 11 13 15
5 2 3 4 9 12
4 2 5 10 11
3 6 9 15
4 0 7 12 14
6 4 7 8 9 16 18
7 6 9 10 12 13 15 19
8 3 6 7 10 11 14 17 18
3 5 11 16
6 0 2 3 4 12 14
7 2 3 5 10 11 13 16
9 2 3 5 6 8 9 13 14 16
6 0 7 11 12 15 17
10 7 9 10 11 13 14 15 16 17 18
8 2 3 4 7 10 11 17 19
4 11 13 14 18
5 4 8 11 14 19
