2121.45	0.719274	0.657821	0.289106
1857.67	0.711592	0.656425	0.273743
1648.6	0.724162	0.664804	0.299581
1416.77	0.72067	0.668296	0.27933
1247.79	0.726955	0.653631	0.243715
1093.05	0.730447	0.662709	0.246508
937.821	0.742318	0.660615	0.25838
817.15	0.748603	0.665503	0.248603
753.445	0.74581	0.672486	0.267458
650.957	0.749302	0.671089	0.259078
527.69	0.76676	0.678771	0.255587
490.206	0.763966	0.675279	0.226955
461.677	0.76257	0.680866	0.239525
415.726	0.782123	0.682961	0.260475
371.267	0.788408	0.690642	0.228352
366.171	0.794693	0.689944	0.236034
293.464	0.796089	0.699022	0.217179
318.923	0.793994	0.685754	0.260475
265.505	0.809358	0.696229	0.247905
293.645	0.810754	0.695531	0.230447
278.756	0.817039	0.694134	0.215782
266.951	0.829609	0.701816	0.226955
277.788	0.831006	0.715084	0.223464
240.848	0.840782	0.708101	0.218575
216.753	0.844274	0.708101	0.219972
269.876	0.848464	0.729749	0.218575
232.049	0.858939	0.718575	0.227654
200.294	0.854749	0.722765	0.23324
179.161	0.854749	0.733939	0.23743
179.659	0.872207	0.73743	0.228352
246.165	0.868017	0.736732	0.206704
189.948	0.87919	0.736732	0.231145
232.14	0.872905	0.738128	0.215782
210.167	0.878492	0.740223	0.219972
224.147	0.88338	0.747207	0.226257
216.318	0.880587	0.747905	0.223464
209.788	0.893156	0.740223	0.239525
235.163	0.891061	0.74162	0.21648
218.688	0.894553	0.750698	0.21648
212.821	0.889665	0.747905	0.238128
197.052	0.899441	0.752793	0.223464
239.202	0.894553	0.75	0.211592
208.84	0.896648	0.755587	0.218575
220.594	0.896648	0.765363	0.215782
162.036	0.902933	0.767458	0.213687
201.221	0.900838	0.763966	0.213687
180.293	0.905726	0.768156	0.214385
237.724	0.907123	0.772346	0.206006
197.464	0.906425	0.773045	0.208101
166.406	0.909218	0.770251	0.215084
