1786.5	0.6926	0.64	0.3872
1037.75	0.7108	0.644	0.3518
778.255	0.7468	0.6558	0.3202
574.393	0.7766	0.665	0.2492
510.231	0.803	0.6858	0.2644
506.782	0.832	0.7032	0.2088
495.144	0.8594	0.7244	0.2092
507.914	0.8734	0.7386	0.188
458.651	0.8814	0.746	0.1798
462.436	0.893	0.7662	0.1968
466.238	0.9006	0.7642	0.1754
446.443	0.9064	0.783	0.1992
440.406	0.914	0.79	0.2058
452.895	0.9134	0.794	0.1748
477.451	0.916	0.8	0.1864
461.139	0.9218	0.8078	0.197
454.324	0.9198	0.8038	0.1826
456.609	0.9236	0.8164	0.173
458.371	0.9246	0.8164	0.1832
428.762	0.9254	0.8186	0.1796
457.467	0.9278	0.8216	0.1886
445.33	0.9278	0.8298	0.2068
461.066	0.929	0.8342	0.1984
450.611	0.9328	0.8368	0.1926
460.639	0.9288	0.8316	0.1842
437.77	0.9336	0.837	0.1924
470.684	0.9318	0.8352	0.1898
423.882	0.9356	0.8408	0.1778
439.92	0.9314	0.8384	0.1858
428.199	0.9368	0.8456	0.177
445.258	0.9378	0.842	0.1828
432.094	0.9364	0.848	0.1772
429.888	0.935	0.8504	0.1856
414.228	0.9374	0.846	0.21
446.255	0.9376	0.851	0.1826
440.152	0.9384	0.8454	0.1836
428.056	0.9382	0.8552	0.2086
451.924	0.9374	0.8578	0.1792
451.819	0.9362	0.8504	0.1994
462.119	0.9384	0.8546	0.1782
463.077	0.9358	0.8532	0.1766
455.744	0.9404	0.8588	0.2016
438.742	0.9396	0.8542	0.198
426.503	0.9388	0.8598	0.1902
455.196	0.9392	0.861	0.199
477.995	0.9388	0.859	0.1882
444.067	0.9392	0.863	0.1958
433.517	0.9398	0.8586	0.1872
428.975	0.9382	0.8618	0.1984
440.873	0.939	0.863	0.205
446.189	0.9386	0.865	0.2016
431.445	0.9414	0.8674	0.1938
473.533	0.9416	0.8626	0.1868
462.539	0.9392	0.8628	0.1934
442.946	0.9412	0.8642	0.1778
449.232	0.9402	0.8636	0.1804
456.851	0.941	0.8664	0.1888
475.434	0.9398	0.8628	0.2028
451.254	0.941	0.8636	0.183
410.141	0.9418	0.8686	0.1932
