1689.99	0.6906	0.6434	0.4172
922.406	0.7184	0.6484	0.3602
675.66	0.7474	0.6594	0.3012
567.254	0.7846	0.6626	0.2338
515.42	0.816	0.6938	0.2122
479.961	0.838	0.7032	0.2172
464.532	0.8622	0.7202	0.1964
483.367	0.8798	0.7436	0.1996
477.387	0.891	0.756	0.2014
502.611	0.899	0.7618	0.1902
467.705	0.9034	0.7686	0.1862
449.593	0.9108	0.7842	0.2126
479.441	0.9118	0.7864	0.1892
464.044	0.9182	0.7928	0.1916
439.292	0.9172	0.8	0.1916
425.183	0.9206	0.806	0.2108
480.603	0.9244	0.813	0.1918
461.025	0.9252	0.8198	0.2212
450.287	0.9224	0.8136	0.1784
459.174	0.9272	0.8164	0.1654
453.824	0.9278	0.8248	0.2004
479.915	0.9276	0.8192	0.1788
436.006	0.9314	0.8282	0.2104
483.188	0.9304	0.8312	0.1916
481.687	0.929	0.8298	0.1994
407.601	0.9338	0.8368	0.2066
466.862	0.935	0.8394	0.1884
443.3	0.9314	0.833	0.1862
453.97	0.933	0.8392	0.1764
449.108	0.9358	0.841	0.195
454.48	0.9364	0.8508	0.1926
455.657	0.9352	0.84	0.1798
470.726	0.9328	0.8452	0.1904
456.771	0.9376	0.8438	0.2212
450.672	0.937	0.854	0.1892
439.211	0.937	0.8504	0.2046
449.767	0.935	0.8534	0.1914
438.8	0.9352	0.8528	0.1948
465.309	0.9404	0.8612	0.1898
446.996	0.9364	0.8552	0.1924
424.687	0.9356	0.8534	0.1862
417.404	0.9384	0.8568	0.186
461.9	0.9382	0.8608	0.201
446.181	0.939	0.8618	0.1956
444.046	0.9406	0.861	0.1982
453.632	0.9396	0.8622	0.1904
467.295	0.9398	0.8606	0.1942
457.646	0.9396	0.8578	0.1952
449.37	0.9398	0.8678	0.2472
472.76	0.9418	0.8652	0.1904
459.882	0.9418	0.8618	0.1938
464.131	0.9402	0.8672	0.2004
465.469	0.938	0.863	0.1892
431.833	0.9386	0.8654	0.202
445.177	0.9406	0.868	0.2168
435.515	0.9406	0.8716	0.206
439.331	0.9398	0.8666	0.1978
443.819	0.9414	0.8744	0.202
425.823	0.9418	0.8692	0.2042
467.593	0.9422	0.8726	0.1956
