1968.22	0.722765	0.659916	0.303771
1500.29	0.718575	0.650838	0.305866
1288.35	0.728352	0.661313	0.287011
994.355	0.740922	0.676676	0.263268
779.526	0.746508	0.668296	0.305168
611.76	0.75419	0.673883	0.252095
529.341	0.756285	0.672486	0.27514
497.042	0.76676	0.672486	0.231844
424.291	0.782123	0.678771	0.22067
325.609	0.796089	0.689944	0.25
282.267	0.802374	0.682961	0.221369
306.154	0.817039	0.700419	0.23743
238.101	0.827514	0.701117	0.226955
270.466	0.833799	0.705307	0.219274
231.348	0.838687	0.701117	0.21648
214.345	0.850559	0.712989	0.226955
227.455	0.855447	0.712989	0.214385
174.296	0.86662	0.722067	0.211592
226.959	0.875	0.736732	0.23743
205.506	0.884777	0.743017	0.22486
213.488	0.892458	0.749302	0.222067
221.417	0.896648	0.756983	0.21648
171.473	0.901536	0.75838	0.215084
195.369	0.90014	0.748603	0.224162
208.294	0.909916	0.782821	0.222765
177.235	0.90852	0.76676	0.21648
171.665	0.910615	0.767458	0.205307
168.689	0.915503	0.784218	0.221369
201.453	0.909916	0.77514	0.217877
217.804	0.918296	0.793296	0.209497
189.818	0.918994	0.799581	0.218575
228.42	0.917598	0.800978	0.210196
218.147	0.925978	0.793296	0.219274
175.661	0.918296	0.800978	0.205307
190.991	0.925279	0.794693	0.214385
216.371	0.929469	0.803771	0.210894
210.705	0.931564	0.801676	0.213687
192.802	0.928771	0.806564	0.219972
211.141	0.930168	0.818436	0.222765
197.159	0.934358	0.816341	0.226257
236.502	0.930866	0.811453	0.221369
175.855	0.936453	0.809358	0.218575
201.677	0.928073	0.806564	0.223464
172.782	0.940642	0.807961	0.209497
201.054	0.939944	0.833101	0.22486
216.866	0.938547	0.824721	0.210196
207.982	0.937151	0.832402	0.214385
160.98	0.935754	0.823324	0.210196
173.878	0.939246	0.824022	0.212989
246.398	0.936453	0.827514	0.23324
