1 0
1 1
1 2
1 3
1 4
1 5
1 6
1 7
1 8
1 9
1 10
1 11
1 12
1 13
1 14
1 15
1 16
1 17
1 18
1 19
1 0
1 1
1 2
1 3
1 4
1 5
1 6
1 7
1 8
1 9
1 10
1 11
1 12
1 13
1 14
1 15
1 16
1 17
1 18
1 19
1 0
1 1
1 2
1 3
1 4
1 5
1 6
1 7
1 8
1 9
1 10
1 11
1 12
1 13
1 14
1 15
1 16
1 17
1 18
1 19
2 0 17
1 1
1 2
2 3 18
2 4 5
1 5
2 6 9
1 7
1 8
1 9
1 10
1 11
1 12
1 13
2 8 14
2 0 15
2 16 19
1 17
1 18
1 19
1 0
1 1
1 2
1 3
1 4
1 5
1 6
1 7
1 8
1 9
1 10
1 11
1 12
1 13
1 14
1 15
1 16
1 17
1 18
1 19
1 0
1 1
1 2
1 3
1 4
1 5
2 6 8
1 7
1 8
1 9
2 4 10
2 1 11
1 12
1 13
1 14
1 15
1 16
2 6 17
2 13 18
1 19
1 0
1 1
1 2
1 3
1 4
2 5 6
1 6
1 7
1 8
1 9
1 10
2 3 11
1 12
1 13
1 14
1 15
2 16 17
2 1 17
1 18
1 19
2 0 14
1 1
1 2
2 3 6
1 4
1 5
2 3 6
2 1 7
1 8
1 9
1 10
2 1 11
3 12 14 15
1 13
1 14
1 15
1 16
1 17
2 1 18
1 19
1 0
1 1
1 2
1 3
1 4
1 5
1 6
1 7
1 8
1 9
1 10
1 11
1 12
1 13
1 14
1 15
1 16
1 17
1 18
1 19
1 0
2 1 18
2 2 18
1 3
1 4
1 5
1 6
2 7 15
1 8
2 8 9
1 10
2 3 11
2 4 12
1 13
1 14
1 15
2 11 16
1 17
1 18
1 19
1 0
1 1
2 2 6
1 3
2 4 14
1 5
1 6
1 7
1 8
1 9
2 5 10
2 7 11
1 12
1 13
2 9 14
2 9 15
1 16
1 17
1 18
1 19
1 0
1 1
1 2
1 3
1 4
2 5 11
1 6
1 7
1 8
1 9
1 10
1 11
1 12
1 13
1 14
1 15
1 16
1 17
1 18
1 19
1 0
1 1
1 2
1 3
1 4
1 5
1 6
1 7
1 8
1 9
1 10
1 11
1 12
1 13
1 14
1 15
1 16
1 17
1 18
1 19
