2 0 9
2 0 1
1 2
1 3
2 4 9
1 5
2 6 16
2 7 8
4 6 8 12 18
1 9
1 10
2 1 11
1 12
4 11 12 13 17
4 2 3 14 19
1 15
1 16
2 12 17
2 10 18
2 15 19
5 0 5 8 10 14
8 1 3 4 5 10 11 17 18
8 0 2 3 4 7 8 9 12
4 2 3 6 11
5 2 4 5 6 11
8 0 1 2 5 6 8 13 16
8 1 2 6 9 12 13 16 19
4 1 2 4 7
2 1 8
4 2 7 9 19
6 5 10 11 12 15 16
7 0 1 2 10 11 12 16
6 1 2 3 8 12 13
6 3 4 6 11 13 19
5 1 4 14 17 18
7 0 3 6 9 13 15 19
5 5 10 11 16 17
8 5 6 8 10 11 14 15 17
5 6 12 15 17 18
7 3 4 10 13 17 18 19
6 0 3 5 7 9 19
6 1 2 3 6 12 16
8 1 2 6 8 12 15 16 18
3 3 7 12
6 1 3 4 5 7 9
2 5 17
4 1 6 13 18
2 7 13
4 8 10 13 14
2 9 15
2 2 10
4 7 10 11 16
2 0 12
1 13
4 2 11 14 18
3 5 15 17
6 8 10 13 15 16 17
5 7 8 11 12 17
1 18
4 4 8 11 19
1 0
1 1
2 2 8
1 3
1 4
2 0 5
1 6
1 7
1 8
2 9 12
1 10
1 11
1 12
1 13
1 14
2 6 15
1 16
2 16 17
2 12 18
1 19
1 0
1 1
1 2
1 3
1 4
2 0 5
1 6
3 7 9 18
1 8
2 6 9
1 10
1 11
2 9 12
1 13
2 14 15
3 6 14 15
3 10 13 16
2 7 17
2 3 18
2 8 19
1 0
1 1
1 2
2 3 14
2 4 15
1 5
1 6
1 7
1 8
2 4 9
1 10
1 11
2 0 12
1 13
1 14
2 15 17
1 16
2 9 17
2 16 18
1 19
2 0 14
4 1 5 8 14
3 2 6 9
1 3
5 4 8 10 14 18
6 2 3 5 9 12 15
3 0 6 11
3 3 7 16
2 8 16
2 1 9
2 10 18
2 11 13
3 5 12 16
7 0 2 4 7 8 9 13
4 10 11 14 16
1 15
3 2 8 16
3 2 6 17
2 6 18
1 19
1 0
7 1 2 6 7 9 14 17
4 2 4 6 19
6 0 2 3 6 13 19
3 4 16 19
3 3 5 8
4 6 7 10 11
3 0 3 7
3 1 8 19
4 1 9 14 19
5 10 14 15 16 19
4 1 11 15 19
3 4 12 14
4 5 8 13 17
4 2 10 14 18
2 15 16
3 4 10 16
5 4 11 13 17 19
6 3 4 8 11 18 19
5 6 10 11 17 19
5 0 7 11 17 19
5 1 5 9 10 14
5 2 4 9 11 17
8 3 4 10 13 14 15 16 19
4 3 4 10 16
6 4 5 6 13 15 17
4 6 7 17 19
5 1 5 7 9 12
3 0 2 8
4 4 9 11 12
5 4 6 10 12 17
5 2 9 11 12 19
6 1 4 8 11 12 19
3 4 9 13
3 12 14 16
5 1 4 8 12 15
4 2 9 11 16
5 6 9 13 17 19
5 0 3 4 10 18
7 1 4 11 14 15 17 19
5 0 5 8 14 16
5 1 10 12 13 19
6 1 2 12 14 17 19
2 3 6
5 4 9 13 17 19
5 3 5 7 10 15
4 3 6 8 11
4 3 7 12 13
2 3 8
3 0 2 9
3 1 10 17
4 4 11 16 19
6 0 6 9 10 12 16
9 2 4 7 8 12 13 15 17 19
4 1 11 14 19
5 2 10 14 15 18
4 1 5 16 17
3 3 7 17
3 4 14 18
2 8 19
3 0 9 13
1 1
2 2 12
1 3
1 4
1 5
1 6
1 7
1 8
2 5 9
2 10 13
1 11
1 12
1 13
2 4 14
1 15
1 16
1 17
2 14 18
1 19
2 0 4
1 1
1 2
2 2 3
2 4 14
2 5 9
2 6 18
2 1 7
4 8 9 10 13
2 6 9
2 10 16
3 1 11 15
4 1 8 10 12
1 13
1 14
2 2 15
2 4 16
2 9 17
3 8 10 18
2 10 19
1 0
1 1
2 2 16
1 3
1 4
1 5
2 6 8
1 7
1 8
2 9 15
2 9 10
1 11
2 9 12
1 13
2 3 14
2 12 15
2 16 19
1 17
2 9 18
1 19
